Run,Messages,Loss,Corruption,Time_bw_messages,Application_A,Transport_A,Transport_B,Application_B,Total_time,Throughput
1,20,0.8,0.0,1000.0,20,64,15,2,21644.968750,0.000092
2,20,0.8,0.0,1000.0,20,68,11,1,21415.593750,0.000047
3,20,0.8,0.0,1000.0,20,137,20,3,22663.535156,0.000132
4,20,0.8,0.0,1000.0,20,118,29,5,24199.003906,0.000207
5,20,0.8,0.0,1000.0,20,16,3,1,16645.125000,0.000060
6,20,0.8,0.0,1000.0,20,270,56,19,25898.816406,0.000734
7,20,0.8,0.0,1000.0,20,98,18,5,24150.388672,0.000207
8,20,0.8,0.0,1000.0,20,25,9,2,20051.298828,0.000100
9,20,0.8,0.0,1000.0,20,134,29,9,20551.746094,0.000438
